,Large Cap,Mid Cap,Small Cap,International Developed,Emerging Markets,US Agg Bond,US High Yield,US Treasury,Corporates,Gold,Oil,Private Equity,Venture Capital,Angel Venture,Cash
Large Cap,1,0.944,0.911,0.883,0.779,-0.01,0.719,0.086,0.321,0.025,0.464,0.862,0.759,0.333,0
Mid Cap,0.944,1,0.969,0.831,0.762,-0.02,0.751,0.051,0.325,0.045,0.483,0.813,0.708,0.421,0
Small Cap,0.911,0.969,1,0.774,0.69,-0.087,0.691,0.039,0.237,-0.01,0.433,0.786,0.687,0.458,0
International Developed,0.883,0.831,0.774,1,0.88,0.096,0.761,0.081,0.459,0.119,0.507,0.901,0.67,0.274,0
Emerging Markets,0.779,0.762,0.69,0.88,1,0.142,0.751,0.069,0.475,0.259,0.551,0.785,0.609,0.263,0
US Agg Bond,-0.01,-0.02,-0.087,0.096,0.142,1,0.208,0.022,0.812,0.408,-0.168,0.034,-0.11,-0.01,0
US High Yield,0.719,0.751,0.691,0.761,0.751,0.208,1,0.184,0.605,0.154,0.463,0.73,0.493,0.246,0
US Treasury,0.086,0.051,0.039,0.081,0.069,0.022,0.184,1,0.056,0.07,0.167,0.102,0.086,0.001,0
Corporate,0.321,0.325,0.237,0.459,0.475,0.812,0.605,0.056,1,0.352,0.085,0.367,0.161,0.213,0
Gold,0.025,0.045,-0.01,0.119,0.259,0.408,0.154,0.07,0.352,1,0.192,0.03,0.026,-0.01,0
Oil,0.464,0.483,0.433,0.507,0.551,-0.168,0.463,0.167,0.085,0.192,1,0.463,0.371,0.233,0
Private Equity,0.862,0.813,0.786,0.901,0.785,0.034,0.73,0.102,0.367,0.03,0.463,1,0.57,0.922,0
Venture Capital,0.759,0.708,0.687,0.67,0.609,-0.11,0.493,0.086,0.161,0.026,0.371,0.57,1,0.825,0
Angel Venture,0.333,0.421,0.458,0.274,0.263,-0.01,0.246,0.001,0.213,-0.01,0.233,0.922,0.825,1,0
Cash,0,0,0,0,0,0,0,0,0,0,0,0,0,0,1
